Return 42467328
0 ExpandDims-op0 0 0 524288 59
1 Sub-op0 1 0 0 524288 525
2 Mul-op0 1 1 0 524288 691
3 Transpose-op0 0 0 2097152 728
4 RealDiv-op0 1 3 0 2097152 183
5 Transpose-op1 0 0 2097152 728
6 RealDiv-op1 1 5 0 2097152 183
7 BatchMatMul-op0 2 4 6 0 8388608 505
8 Add-op0 2 2 7 0 8388608 332
9 Softmax-op0 1 8 0 8388608 909
10 DropoutGenMask-op0 0 0 262144 489
11 DropoutDoMask-op0 2 9 10 0 8388608 336
12 BatchMatMul-op1 2 11 3 0 2097152 126
13 Transpose-op2 1 12 0 2097152 728
14 ExpandDims-op0 0 0 524288 59
15 Sub-op0 1 14 0 524288 525
16 Mul-op0 1 15 0 524288 691
17 Transpose-op1 1 13 0 2097152 728
18 RealDiv-op1 1 17 0 2097152 183
19 Transpose-op0 1 13 0 2097152 728
20 RealDiv-op0 1 19 0 2097152 183
21 BatchMatMul-op0 2 20 18 0 8388608 505
22 Add-op0 2 16 21 0 8388608 332
23 Softmax-op0 1 22 0 8388608 909
24 DropoutGenMask-op0 0 0 262144 489
25 DropoutDoMask-op0 2 23 24 0 8388608 336
26 BatchMatMul-op1 2 25 19 0 2097152 126
27 Transpose-op2 1 26 0 2097152 728
28 ExpandDims-op0 0 0 524288 59
29 Sub-op0 1 28 0 524288 525
30 Mul-op0 1 29 0 524288 691
31 Transpose-op1 1 27 0 2097152 728
32 RealDiv-op1 1 31 0 2097152 183
33 Transpose-op0 1 27 0 2097152 728
34 RealDiv-op0 1 33 0 2097152 183
35 BatchMatMul-op0 2 34 32 0 8388608 505
36 Add-op0 2 30 35 0 8388608 332
37 Transpose-op0 0 0 2097152 728
38 Softmax-op0 1 36 0 8388608 909
39 DropoutGenMask-op0 0 0 262144 489
40 BatchMatMul-op0 2 37 33 0 8388608 505
41 DropoutDoMask-op0 2 38 39 0 8388608 336
42 DropoutDoMask-op0 1 40 0 8388608 336
43 SoftmaxBackward-op0 2 42 38 0 8388608 40
44 BatchMatMul-op3 2 41 37 0 2097152 126
45 Transpose-op3 1 44 0 2097152 728
46 BatchMatMul-op1 2 43 32 0 2097152 126
47 RealDiv-op0 1 46 0 2097152 183
48 Transpose-op1 1 47 0 2097152 728
49 BatchMatMul-op2 2 34 43 0 2097152 126
50 RealDiv-op1 1 49 0 2097152 183
51 Transpose-op2 1 50 0 2097152 728
52 AddN-op0 3 48 51 45 0 2097152 403
53 Transpose-op4 1 52 0 2097152 728
54 BatchMatMul-op7 2 25 53 0 2097152 126
55 Transpose-op7 1 54 0 2097152 728
56 BatchMatMul-op4 2 53 19 0 8388608 505
57 DropoutDoMask-op1 1 56 0 8388608 336
58 SoftmaxBackward-op1 2 57 23 0 8388608 40
59 BatchMatMul-op5 2 58 18 0 2097152 126
60 RealDiv-op2 1 59 0 2097152 183
61 Transpose-op5 1 60 0 2097152 728
62 BatchMatMul-op6 2 20 58 0 2097152 126
63 RealDiv-op3 1 62 0 2097152 183
64 Transpose-op6 1 63 0 2097152 728
65 AddN-op0 3 61 64 55 0 2097152 403
66 Transpose-op8 1 65 0 2097152 728
67 BatchMatMul-op11 2 11 66 0 2097152 126
68 Transpose-op11 1 67 0 2097152 728
69 BatchMatMul-op8 2 66 3 0 8388608 505
70 DropoutDoMask-op2 1 69 0 8388608 336
71 SoftmaxBackward-op2 2 70 9 0 8388608 40
72 BatchMatMul-op9 2 71 6 0 2097152 126
73 RealDiv-op4 1 72 0 2097152 183
74 Transpose-op9 1 73 0 2097152 728
75 BatchMatMul-op10 2 4 71 0 2097152 126
76 RealDiv-op5 1 75 0 2097152 183
77 Transpose-op10 1 76 0 2097152 728
78 AddN-op0 3 74 77 68 0 2097152 403
79 Return 1 78 0 2097152 0
