Return 33555968
0 ExpandDims-op0 0 0 524288 460
1 Sub-op0 1 0 0 524288 207
2 Mul-op0 1 1 0 524288 754
3 Transpose-op0 0 1536 2097152 384
4 RealDiv-op0 1 3 0 2097152 608
5 Transpose-op0 0 1536 2097152 384
6 RealDiv-op0 1 5 0 2097152 608
7 BatchMatMul-op0 2 4 6 10487296 8388608 577
8 Add-op0 2 2 7 0 8388608 239
9 Softmax-op0 1 8 512 8388608 574
10 DropoutGenMask-op0 0 0 262144 155
11 DropoutDoMask-op0 2 9 10 0 8388608 274
12 BatchMatMul-op1 1 3 10487296 2097152 144
13 Transpose-op1 1 12 1536 2097152 384
14 TensorMove-op0 0 0 4 735
15 Transpose-op2 0 1536 2097152 384
16 Transpose-op1 0 1536 2097152 384
17 RealDiv-op1 1 16 0 2097152 608
18 ExpandDims-op1 0 0 524288 460
19 Sub-op1 1 18 0 524288 207
20 Mul-op1 1 19 0 524288 754
21 RealDiv-op1 1 15 0 2097152 608
22 BatchMatMul-op2 2 21 17 10487296 8388608 577
23 Add-op1 2 20 22 0 8388608 239
24 Softmax-op1 1 23 512 8388608 574
25 DropoutGenMask-op1 0 0 262144 155
26 DropoutDoMask-op1 2 24 25 0 8388608 274
27 BatchMatMul-op3 1 15 10487296 2097152 144
28 Transpose-op3 1 27 1536 2097152 384
29 TensorMove-op1 0 0 4 735
30 Transpose-op4 0 1536 2097152 384
31 Transpose-op2 0 1536 2097152 384
32 RealDiv-op2 1 31 0 2097152 608
33 ExpandDims-op2 0 0 524288 460
34 Sub-op2 1 33 0 524288 207
35 Mul-op2 1 34 0 524288 754
36 RealDiv-op2 1 30 0 2097152 608
37 BatchMatMul-op4 2 36 32 10487296 8388608 577
38 Add-op2 2 35 37 0 8388608 239
39 Softmax-op2 1 38 512 8388608 574
40 DropoutGenMask-op2 0 0 262144 155
41 DropoutDoMask-op2 2 39 40 0 8388608 274
42 BatchMatMul-op5 1 30 10487296 2097152 144
43 Transpose-op5 1 42 1536 2097152 384
44 TensorMove-op2 0 0 4 735
45 Transpose-op0 0 1536 2097152 384
46 BatchMatMul-op3 1 45 10487296 2097152 144
47 Transpose-op3 1 46 1536 2097152 384
48 BatchMatMul-op0 1 45 10487296 8388608 577
49 DropoutDoMask-op0 1 48 0 8388608 274
50 SoftmaxBackward-op0 2 49 39 0 8388608 460
51 BatchMatMul-op1 2 50 32 10487296 2097152 144
52 RealDiv-op0 1 51 0 2097152 608
53 Transpose-op1 1 52 1536 2097152 384
54 BatchMatMul-op2 1 50 9438720 2097152 144
55 RealDiv-op1 1 54 0 2097152 608
56 Transpose-op2 1 55 1536 2097152 384
57 AddN-op0 3 53 56 47 0 2097152 226
58 TensorMove-op3 0 0 4 735
59 Transpose-op4 1 57 1536 2097152 384
60 BatchMatMul-op7 1 59 10487296 2097152 144
61 Transpose-op7 1 60 1536 2097152 384
62 BatchMatMul-op4 1 59 10487296 8388608 577
63 DropoutDoMask-op1 1 62 0 8388608 274
64 SoftmaxBackward-op1 2 63 24 0 8388608 460
65 BatchMatMul-op5 2 64 17 10487296 2097152 144
66 RealDiv-op2 1 65 0 2097152 608
67 Transpose-op5 1 66 1536 2097152 384
68 BatchMatMul-op6 1 64 9438720 2097152 144
69 RealDiv-op3 1 68 0 2097152 608
70 Transpose-op6 1 69 1536 2097152 384
71 AddN-op1 3 67 70 61 0 2097152 226
72 TensorMove-op4 0 0 4 735
73 Transpose-op8 1 71 1536 2097152 384
74 BatchMatMul-op11 1 73 10487296 2097152 144
75 Transpose-op11 1 74 1536 2097152 384
76 BatchMatMul-op8 1 73 10487296 8388608 577
77 DropoutDoMask-op2 1 76 0 8388608 274
78 SoftmaxBackward-op2 2 77 9 0 8388608 460
79 BatchMatMul-op9 2 78 6 10487296 2097152 144
80 RealDiv-op4 1 79 0 2097152 608
81 Transpose-op9 1 80 1536 2097152 384
82 BatchMatMul-op10 1 78 9438720 2097152 144
83 RealDiv-op5 1 82 0 2097152 608
84 Transpose-op10 1 83 1536 2097152 384
85 AddN-op2 3 81 84 75 0 2097152 226
86 Return 1 85 0 2097152 0
